995 962 961 942 942 912 902 895 894 869 868 859 842 827 827 811 778 771 757 741 726 724 723 718 716 711 705 703 673 667 664 662 648 644 604 547 538 529 500 491 478 464 447 436 421 391 382 358 334 333 322 316 299 292 288 281 264 253 190 169 153 145 141 106 40 37 35 35
999 986 977 966 966 954 946 945 944 941 938 935 931 930 929 924 909 900 900 893 890 844 840 836 833 829 813 807 798 788 777 767 762 758 756 753 745 734 729 728 724 704 673 668 658 655 655 648 639 636 629 626 624 623 617 616 602 600 596 595 591 588 574 573 556 548 548 541 538 537 537 519 514 512 506 484 483 483 467 457 451 439 430 422 421 418 413 410 393 386 383 376 374 370 359 355 350 350 350 348 337 323 310 309 308 306 303 291 290 287 281 270 249 224 221 209 199 191 168 161 150 127 118 115 107 101 97 84 82 72 53 52 41 31 30 21 21 20 8 7 6
998 976 958 932 892 888 886 881 875 869 869 861 844 832 815 798 798 796 789 757 721 712 702 699 688 657 651 646 634 622 618 617 600 589 587 585 580 557 538 523 511 510 503 485 476 472 458 448 433 426 423 416 401 389 368 362 343 329 328 322 314 292 285 281 272 255 202 200 195 191 190 189 182 179 169 157 156 154 142 93 88 75 55 38 21 9 3 2
996 982 958 949 945 912 905 874 866 832 824 808 787 786 756 753 745 734 718 701 687 671 659 649 646 625 558 555 549 549 535 529 512 510 488 481 477 474 466 455 450 441 439 437 434 423 416 414 391 355 334 321 316 314 313 313 313 297 292 286 282 279 263 253 222 202 196 195 193 186 185 173 168 161 154 145 144 139 129 114 105 60 53 44 24 22 18
993 985 974 972 962 958 940 928 926 924 924 902 900 900 896 896 887 882 869 851 851 850 835 833 833 829 823 802 801 800 790 773 771 763 763 760 760 758 757 737 725 713 711 704 695 694 694 678 668 667 662 658 629 627 627 626 625 625 624 596 593 593 578 577 576 576 565 556 550 547 543 540 527 526 525 520 520 518 505 492 487 487 485 484 480 477 477 474 466 464 460 439 432 428 423 413 411 405 384 371 365 361 360 357 357 357 356 350 337 326 324 315 303 302 297 286 285 271 270 270 264 261 260 235 227 222 216 213 202 200 195 192 188 187 181 177 170 170 164 153 152 142 140 125 123 119 116 113 111 109 108 102 99 87 86 72 70 64 61 60 58 43 31 30 23 19 18 11 10 7 3
993 972 963 962 962 938 934 932 911 881 877 875 870 855 855 855 850 848 825 783 754 752 741 734 734 717 705 701 696 678 675 673 654 641 637 635 626 611 607 585 584 565 559 556 548 534 532 511 483 462 459 457 443 424 423 413 398 369 313 300 296 296 279 229 223 221 205 193 176 175 142 142 129 112 72 67 53 41 40
997 992 990 985 975 971 970 944 932 913 913 870 865 864 847 831 829 824 818 813 786 775 769 763 759 759 750 740 712 706 704 695 685 683 678 670 663 651 648 627 619 608 605 604 601 601 601 591 589 584 570 561 556 549 546 545 542 541 540 539 519 508 503 503 498 497 489 488 472 467 428 422 392 363 353 335 323 318 314 303 292 289 287 264 262 258 247 245 240 240 232 221 215 213 205 192 181 174 171 169 164 152 145 132 129 112 98 90 87 84 77 75 75 44 40 27 17 10
969 954 949 943 888 843 783 758 748 690 681 637 620 608 600 588 565 543 536 527 463 430 423 409 347 342 221 146 88 67 60 49 28 15
994 964 955 948 944 936 923 913 853 838 814 812 766 748 736 726 705 652 629 626 606 584 565 549 515 496 482 429 426 411 404 375 359 355 342 318 257 256 224 196 185 173 142 141 93 75 72 38 36 25 1
971 948 945 923 909 903 902 893 878 858 841 831 690 676 674 662 653 650 643 637 634 634 625 619 561 489 454 452 416 402 369 361 353 318 317 303 303 282 264 262 259 256 233 230 220 213 200 186 155 148 131 124 109 80 50 28 11 8 8 3
977 974 971 964 961 959 956 954 951 941 941 938 937 902 898 885 873 869 867 864 826 825 816 815 815 806 790 788 778 774 762 745 726 723 722 721 710 700 698 693 689 686 686 685 681 679 679 676 667 666 662 650 629 602 598 589 555 541 531 528 516 515 508 493 484 461 423 421 415 410 405 392 380 363 340 333 330 318 313 309 309 295 288 269 268 264 249 234 215 212 200 184 168 153 132 124 117 116 115 113 110 87 85 82 80 73 71 71 64 58 39 37 28 21 8
996 995 958 925 918 882 866 830 809 807 799 762 722 712 708 704 659 647 633 630 602 600 575 567 556 540 498 491 486 481 479 462 458 448 439 423 397 392 352 345 336 315 293 292 290 278 269 248 238 196 158 152 146 136 131 114 114 98 84 54 52 37 22 12
946 940 925 851 828 816 792 754 714 675 658 655 638 569 560 520 449 398 361 230 229 188 162 147 146
970 968 962 949 943 941 925 923 910 910 905 893 876 826 819 805 779 774 737 714 695 664 652 640 636 623 615 615 611 609 608 591 589 585 573 572 570 568 565 557 549 528 524 521 515 510 509 505 475 469 464 450 426 422 419 396 393 373 358 350 337 337 337 336 333 330 300 289 281 278 268 249 234 216 194 174 172 166 164 161 161 152 135 85 74 64 31 4
991 982 974 972 972 969 967 958 950 948 945 925 912 908 902 901 874 871 869 856 850 830 828 821 806 793 789 787 783 776 764 762 759 754 727 723 713 703 700 697 692 681 677 677 672 668 650 643 634 612 605 594 583 577 556 547 545 534 532 508 501 495 490 486 486 481 474 472 465 460 454 447 443 439 434 428 426 415 408 408 391 376 367 364 343 331 324 319 313 283 267 255 238 237 223 222 220 204 196 195 192 185 182 166 149 128 122 111 111 68 27 21 18 12
938 926 881 877 867 865 860 841 833 823 807 783 770 756 750 742 718 702 670 661 651 614 610 598 595 590 586 528 503 489 487 472 458 435 434 386 381 365 364 360 330 327 310 286 278 258 257 237 213 182 179 169 128 75 63 58 48 42 23
990 982 979 971 967 931 924 919 899 892 891 854 851 841 840 840 837 834 826 812 810 805 794 791 790 785 780 766 735 697 649 648 647 633 620 608 599 582 578 578 578 560 549 544 540 538 535 529 525 523 497 497 497 492 489 487 483 474 449 433 432 418 392 380 369 352 340 328 277 276 264 252 252 244 243 210 208 208 200 193 193 189 159 159 100 73 72 15 11 8
995 986 975 973 955 954 949 947 932 929 922 916 916 912 904 899 896 890 882 882 878 874 865 862 860 857 815 813 810 791 784 761 759 758 753 750 750 748 741 729 722 716 705 693 683 680 678 678 676 670 666 651 646 641 640 629 621 615 614 611 611 608 607 599 584 579 578 577 577 565 551 538 523 522 517 517 514 513 489 487 486 479 469 460 455 452 447 446 445 432 422 396 394 387 370 367 351 333 321 296 282 276 261 249 243 241 240 236 231 226 214 208 198 196 191 189 187 183 180 178 172 170 168 163 162 149 146 144 140 136 105 97 95 93 91 81 78 74 65 65 58 56 55 52 32 28 19 7 7 6
998 989 984 981 978 969 961 948 947 926 922 890 888 861 859 855 821 805 801 788 774 752 747 716 699 697 694 680 678 671 658 643 643 635 617 578 573 561 550 529 529 503 476 473 465 455 455 450 431 431 396 381 376 372 363 353 348 320 318 296 293 287 281 274 253 247 245 232 206 206 199 197 181 172 171 166 165 153 135 124 112 110 109 106 82 74 32 21 20 15
987 976 968 964 962 955 936 933 928 922 906 905 885 885 880 874 872 868 836 835 832 827 813 808 797 785 781 779 773 768 768 762 761 759 753 742 740 725 720 717 714 713 710 707 693 680 677 666 665 663 656 653 650 647 604 602 593 588 584 580 562 559 546 542 537 531 525 512 508 507 501 493 493 486 482 481 474 455 455 447 444 440 431 420 415 413 411 406 400 396 390 388 387 375 368 365 360 355 343 340 337 335 335 331 318 315 311 290 289 271 271 268 267 259 251 248 225 221 217 216 202 199 199 186 181 168 168 156 152 141 136 118 106 104 97 97 95 95 93 85 84 80 80 80 80 79 76 74 72 71 58 43 40 38 22 21 18 12 9 0
990 987 979 978 955 945 864 814 791 779 769 753 718 710 681 679 661 652 652 640 594 589 588 540 487 487 470 470 420 326 323 303 276 271 262 253 244 229 221 199 196 183 135 105 88 83 63 47 42 33 33 29 6 5
998 993 987 981 974 965 963 962 920 908 907 901 893 882 875 855 846 844 838 836 822 812 807 805 801 795 793 790 790 787 779 771 750 741 741 738 737 737 737 734 733 724 723 721 719 707 697 692 684 671 669 667 654 630 623 616 610 608 606 604 604 601 597 594 591 580 577 567 565 563 561 556 545 495 490 490 489 476 474 457 445 445 432 432 421 393 382 372 372 363 363 351 339 338 338 330 329 301 293 290 290 283 279 279 264 245 239 227 225 224 223 218 209 197 189 184 184 154 151 144 136 135 134 130 125 119 119 118 105 91 78 75 74 72 60 56 55 53 41 28 28 22 15 1
998 993 990 990 978 975 967 962 954 943 935 915 903 893 891 891 877 874 867 838 834 828 826 819 816 811 803 791 775 750 722 722 722 707 705 702 695 690 687 683 663 658 642 641 639 637 636 621 617 611 591 588 585 581 570 569 566 556 547 542 531 531 515 502 502 495 490 479 479 468 467 458 456 450 425 413 410 405 400 399 388 383 382 360 352 349 346 338 333 319 302 300 272 271 260 258 257 245 243 233 226 203 195 189 189 176 162 141 139 133 126 103 99 83 78 63 51 48 47 44 38 23 23 5
964 941 932 917 913 911 902 895 892 888 883 876 869 864 857 850 847 844 841 834 798 773 770 749 747 742 731 730 717 710 703 699 698 686 679 662 651 635 631 630 619 616 615 589 580 563 552 552 529 522 511 504 498 492 477 470 469 462 428 422 420 407 398 389 385 380 363 361 357 352 348 345 295 273 267 262 244 240 220 194 188 179 178 178 172 154 152 149 135 130 118 103 102 88 81 74 73 69 65 65 61 53 49 43 42 28 22 22 8 3
999 997 993 989 979 935 933 931 917 893 890 883 879 875 861 840 840 828 792 787 782 765 760 760 759 758 752 746 731 726 717 703 700 694 690 670 669 668 662 661 659 651 647 643 640 633 630 627 622 614 610 601 599 598 596 581 567 566 555 548 540 538 538 530 504 498 497 493 481 476 461 461 459 459 449 443 436 434 433 423 421 401 398 393 386 385 371 307 290 287 283 274 273 271 255 250 248 245 236 211 209 205 203 193 177 175 161 154 151 149 138 137 123 118 103 98 71 65 58 37 34
986 975 953 930 889 866 858 840 818 814 811 809 792 755 743 704 686 684 676 667 651 641 604 599 589 570 506 503 474 469 447 427 412 395 393 390 381 364 308 250 223 195 187 158 109 90 89 85 83 66 48 40 26
998 981 974 946 939 935 927 925 905 897 889 885 883 872 862 862 858 855 839 832 829 825 821 778 773 773 737 736 724 721 718 717 712 692 677 675 675 663 646 645 645 608 590 575 573 565 542 539 520 480 478 478 428 426 424 401 394 382 356 336 334 310 282 277 277 272 265 260 251 238 231 203 199 169 162 145 138 134 134 125 115 103 80 78 72 71 47 45 37 1
998 993 988 984 957 946 944 929 927 923 915 909 891 891 885 878 862 862 857 841 834 833 829 827 821 819 814 808 798 798 790 787 784 767 765 761 759 734 715 708 704 700 686 684 677 677 669 668 643 642 632 629 623 621 621 615 600 597 556 554 542 536 533 509 507 493 478 452 448 448 441 438 424 412 407 400 376 366 339 324 321 318 290 284 274 264 259 254 241 239 227 224 193 190 170 137 133 119 108 105 104 102 95 93 86 85 85 84 74 72 68 58 56 41 38 24 20 18 16 2 2
959 958 953 951 934 892 855 842 790 761 761 738 729 676 656 651 620 607 591 584 578 570 543 532 528 519 507 505 503 494 489 472 472 471 469 451 441 440 415 412 411 409 407 402 392 383 373 370 360 343 275 266 262 260 251 187 161 142 124 113 107 101 93 63 60 38 13 12 7
964 947 947 919 887 866 842 833 793 792 776 766 760 756 739 738 722 717 705 687 666 632 631 630 629 626 620 553 523 522 514 489 470 469 466 463 452 388 386 376 356 334 320 317 314 314 283 267 260 259 229 216 171 160 154 154 117 98 91 53 45 43 42 7 7
998 991 981 981 973 946 943 936 914 909 888 883 877 867 866 837 832 816 790 789 775 764 744 740 687 681 675 671 657 631 611 604 595 592 591 586 580 569 567 563 561 551 530 504 503 498 489 477 476 464 461 461 453 441 434 430 405 402 400 385 385 379 377 369 367 361 346 330 320 318 317 311 310 308 292 291 272 245 238 230 212 179 171 171 157 157 144 123 123 117 115 100 74 53 47 28 0
982 979 951 937 927 919 897 887 878 860 854 853 849 843 840 830 817 809 806 795 786 783 744 718 716 710 695 693 688 685 633 628 613 609 593 593 569 559 557 551 540 538 530 512 509 506 492 479 471 469 466 458 428 421 396 389 366 333 329 317 300 296 294 292 272 270 266 261 259 258 241 237 229 208 182 174 162 160 146 140 135 134 119 97 94 54 53 33
995 962 954 946 935 913 909 862 831 817 807 768 762 713 705 693 664 633 624 577 558 537 527 511 476 430 400 381 340 295 292 240 235 214 203 194 154 142 127 127 100 48 11
987 986 979 934 927 918 880 854 843 837 834 801 796 785 765 754 738 731 695 679 671 666 659 640 631 628 623 613 577 569 557 556 555 539 528 464 452 450 443 441 402 380 375 363 332 331 329 321 312 301 293 293 292 270 262 253 248 248 211 211 182 170 115 99 88 75 66 52 50 44 40 29 26 4 0
995 994 993 982 968 965 956 948 942 926 910 908 906 901 900 885 879 872 867 860 850 840 833 828 811 805 804 781 769 768 759 719 715 705 686 684 677 665 641 635 633 627 615 610 603 595 593 589 582 578 540 530 527 512 508 484 478 471 448 443 435 411 403 395 368 348 343 335 323 306 300 285 281 258 256 256 253 237 234 233 227 225 224 224 202 197 191 188 171 161 153 146 145 143 137 94 93 42 34 32 23 16 11 6 5
993 993 991 990 984 978 943 942 929 925 918 918 917 912 911 907 904 897 896 893 892 886 873 870 867 860 851 850 847 846 846 826 824 814 768 768 751 748 728 720 717 717 695 695 692 683 669 654 651 646 641 641 640 639 625 623 621 618 594 586 584 584 571 547 537 534 525 522 503 472 459 457 455 454 450 444 444 424 421 413 405 403 403 397 396 382 363 358 353 346 339 328 327 313 312 299 299 296 293 290 280 271 269 267 262 252 248 244 241 238 219 219 213 201 187 187 174 168 166 149 148 137 125 117 104 94 93 86 79 67 61 56 43 41 36 32 28 27 23 19 14 11 0
997 990 982 979 979 976 956 954 950 949 947 945 943 940 939 923 920 917 916 911 906 902 892 890 886 880 865 860 844 838 836 836 833 826 813 811 799 798 785 785 777 775 774 769 758 758 754 751 751 743 741 723 719 716 709 707 706 705 698 693 684 677 677 675 672 670 652 651 647 628 624 591 588 586 578 555 555 553 550 549 549 544 529 514 511 510 508 497 495 493 490 489 488 487 484 482 468 465 463 435 426 421 421 411 410 406 406 397 388 377 368 356 351 345 335 328 314 310 299 296 296 293 289 286 280 277 271 258 253 252 245 245 245 238 238 231 231 227 227 218 215 204 190 189 173 157 156 149 143 132 130 128 125 122 122 118 112 108 106 104 102 97 91 89 88 85 74 72 69 62 56 49 47 21 16 14 8 5 1 0
996 985 984 983 968 968 931 924 917 915 913 909 898 897 896 878 869 864 857 855 854 841 835 828 822 822 820 810 795 793 792 792 774 767 750 742 736 734 732 727 725 712 712 710 708 701 692 684 683 682 677 666 663 647 641 640 624 624 618 615 613 612 609 600 599 592 583 553 533 523 506 505 505 504 499 499 499 492 485 473 465 462 447 437 428 397 357 351 349 344 342 338 337 290 286 286 256 239 237 236 209 206 197 175 160 146 137 134 130 129 122 90 87 84 84 75 61 55 53 53 37 37 36 34 33 13 12 6
996 990 980 971 967 949 936 917 906 858 857 845 844 832 777 776 766 747 729 716 707 700 678 674 670 668 590 586 541 536 523 506 504 483 470 462 426 411 402 384 364 350 328 325 314 290 285 285 279 266 256 250 246 239 234 225 204 200 199 191 155 141 118 107 95 88 40 8 6
979 977 974 974 967 966 956 939 897 891 876 872 856 851 846 834 816 812 808 804 798 787 771 759 745 733 727 714 709 676 675 668 649 648 647 643 642 641 633 621 618 613 595 589 581 579 574 570 565 561 547 541 524 522 516 513 504 501 501 488 481 471 469 465 452 441 441 439 436 419 416 382 377 371 368 364 358 357 339 336 334 319 313 312 310 301 296 291 290 284 283 271 259 259 252 241 240 238 224 222 205 202 200 191 184 180 176 164 144 144 140 138 137 129 105 65 61 59 55 52 38 38 34 32 27 23 18 18 15 12 7
984 982 970 963 943 936 901 896 895 883 865 861 856 852 839 833 817 813 806 795 795 793 790 789 776 760 754 753 729 696 692 679 666 649 638 632 632 624 621 617 613 610 600 593 584 550 534 532 505 502 450 425 420 405 390 388 361 350 350 346 345 336 326 323 318 315 290 280 275 252 210 193 189 184 183 182 167 157 153 152 151 145 145 129 116 101 82 66 64 50 46 46 38 36 25 16 3
999 997 988 984 966 955 953 946 946 942 919 915 912 899 884 879 859 849 844 833 793 774 762 741 715 714 706 698 697 696 681 658 652 645 617 611 607 597 592 587 584 567 546 540 531 522 510 509 504 485 481 476 464 464 448 429 415 380 354 338 321 320 307 302 297 270 264 259 257 217 211 208 207 206 200 199 197 194 175 169 168 165 158 155 149 145 128 124 122 120 108 106 105 79 75 71 67 65 42 36 26
990 990 981 975 954 945 938 930 928 904 898 892 870 858 850 848 844 833 798 794 784 781 754 736 723 721 702 701 686 684 683 679 672 657 656 653 633 631 618 577 563 555 547 520 514 512 506 502 488 488 485 480 475 466 464 447 447 438 415 406 337 318 312 311 302 279 276 270 260 255 252 250 245 242 240 231 222 219 201 195 187 183 176 168 142 133 130 101 97 86 72 70 61 23
997 991 988 982 979 976 976 970 969 967 966 960 935 920 919 917 908 883 871 867 859 839 838 832 814 792 790 786 785 777 775 771 769 762 752 752 735 735 715 713 708 706 703 702 689 688 683 681 675 675 665 663 655 654 648 636 631 630 626 591 572 572 566 565 564 547 542 541 539 525 522 521 517 516 515 514 510 508 499 496 495 480 473 456 442 441 437 429 421 391 389 387 386 381 376 373 370 364 360 359 345 340 338 313 308 298 298 283 278 272 260 259 258 257 256 249 245 236 205 202 199 198 198 186 186 179 172 170 168 154 147 146 145 136 121 96 88 86 85 85 85 80 79 73 66 65 53 39 33 30 20 16 15 12 11
987 983 983 971 959 936 934 886 879 869 865 859 858 852 843 833 818 809 793 753 731 722 722 715 713 702 686 658 656 596 595 590 590 587 585 585 578 561 557 552 523 519 519 511 505 503 496 495 492 480 468 467 465 463 461 456 444 435 427 417 408 406 406 395 371 371 370 364 358 357 332 327 320 316 313 313 305 300 295 278 274 271 264 259 257 232 231 223 213 183 182 174 173 153 126 126 120 107 102 101 99 95 94 92 87 74 74 73 57 38 28 28 24 19
948 880 825 808 792 766 720 718 619 587 518 467 456 425 390 360 314 255 231 220 163 159 156 147 134 128 126 91 79 35
988 976 952 915 915 899 858 846 844 827 827 702 694 676 669 656 644 637 623 616 616 609 589 539 524 524 523 514 478 436 419 416 415 382 378 372 333 301 294 288 189 186 169 137 129 90 74 62 56
999 988 985 979 977 972 972 961 956 929 922 917 912 907 902 876 873 872 844 835 824 816 811 803 793 775 759 755 734 733 729 720 716 695 665 661 659 654 645 628 622 602 592 582 576 554 552 535 532 518 503 501 472 463 453 443 438 437 422 417 416 413 396 395 369 348 333 322 307 299 291 289 274 254 253 229 226 208 202 196 193 179 175 158 144 137 134 121 90 74 72 60 49 26 26 8
983 978 959 942 909 896 877 855 852 842 815 804 779 778 769 768 745 744 741 732 724 724 698 692 691 664 638 638 628 625 623 616 611 603 603 593 590 588 587 580 574 569 558 538 536 532 526 518 518 508 482 479 472 471 467 456 445 444 440 438 423 406 405 399 396 381 362 353 347 333 328 312 300 296 290 245 228 226 226 210 190 186 180 169 165 161 149 148 146 143 139 135 125 120 105 104 102 99 83 64 64 61 59 49 47 32 5 4 4
999 984 977 960 950 945 942 893 890 886 885 881 854 852 837 830 829 815 809 799 787 786 767 754 750 747 735 734 728 718 711 668 665 640 626 617 597 592 591 579 579 576 570 565 562 562 554 545 521 505 457 454 452 439 432 425 411 405 388 366 365 357 344 336 334 321 319 313 312 273 270 269 268 267 260 259 253 235 224 217 211 193 173 169 160 158 153 152 134 119 117 107 98 94 88 72 64 61 50 50 49 20 20 17 16 0
960 949 938 935 923 877 873 850 849 841 780 769 768 758 739 737 731 718 686 678 626 606 593 584 583 561 499 493 442 428 406 403 399 385 381 364 357 342 316 295 287 285 271 252 223 182 157 135 109 101 96 96 70 59 40 35 33 29
999 990 988 988 980 958 947 946 941 938 928 920 916 911 900 895 870 868 865 843 838 837 835 826 794 791 773 771 765 758 757 756 752 749 745 740 736 735 731 731 727 726 717 717 685 683 682 675 670 667 666 659 654 644 634 623 619 617 606 592 590 581 580 580 575 573 571 549 545 539 536 529 528 519 483 470 469 468 467 463 458 446 438 436 426 424 412 400 392 389 376 370 366 366 363 358 356 351 348 342 341 341 324 311 299 298 285 284 281 275 275 256 255 253 245 240 233 232 229 212 201 199 197 196 190 175 170 158 158 137 131 124 114 110 106 99 99 85 84 83 83 77 70 64 58 57 52 44 30 24 23 13 8 0 0
990 979 961 957 955 952 935 934 927 925 920 907 900 884 881 874 870 864 858 851 845 842 828 820 819 815 807 794 794 788 782 782 774 771 766 763 763 753 744 743 721 720 717 706 699 695 658 655 648 629 625 618 616 615 592 592 582 575 575 553 537 536 530 527 525 517 493 491 490 490 467 439 438 432 431 429 429 424 424 412 394 393 389 388 383 376 374 337 322 301 301 300 282 271 269 264 249 245 230 222 217 213 202 202 195 195 192 174 166 158 156 153 151 148 148 145 144 143 139 135 128 121 82 80 77 75 71 61 58 56 54 43 41 39 33 29 26 24 16 6
986 985 982 970 960 945 943 935 933 923 915 906 905 902 896 890 888 872 862 860 855 846 830 825 823 823 822 820 813 812 810 799 794 788 783 782 781 775 775 770 758 754 736 735 729 726 710 707 701 674 672 668 667 666 666 659 645 639 636 632 624 622 621 611 596 584 575 558 552 549 542 531 530 525 514 494 487 485 479 471 465 452 452 448 447 432 430 421 419 395 395 389 389 387 382 377 372 362 361 353 352 350 347 344 344 341 329 313 295 290 287 284 280 271 269 261 259 251 235 216 210 209 205 198 190 188 182 170 167 165 161 151 150 142 141 140 128 128 123 120 103 100 83 82 78 71 48 46 43 41 38 26 21 15 14 9 4 3
997 992 987 987 983 969 966 963 961 958 955 954 953 932 926 923 920 910 901 884 868 863 856 851 848 843 840 836 833 828 824 824 823 809 807 807 801 784 770 760 759 732 725 725 724 721 703 701 690 688 679 679 676 666 665 661 658 655 653 631 629 629 610 594 582 565 565 550 537 534 528 527 520 519 514 511 511 503 491 488 479 472 472 466 460 454 449 449 432 429 404 397 393 389 384 382 379 366 362 335 324 309 301 300 283 282 280 274 270 268 265 256 241 240 237 227 225 221 219 193 187 180 179 175 167 164 160 147 144 140 139 136 133 124 116 105 101 96 67 67 60 57 52 48 48 48 33 28 27 20 16 4 3
981 977 972 970 965 958 955 948 939 938 932 929 928 922 899 898 889 884 881 867 859 854 851 851 842 841 831 819 815 812 811 800 795 793 793 788 768 760 756 752 749 748 745 742 732 732 731 727 695 695 694 692 688 667 656 651 650 649 648 647 641 637 599 586 572 567 565 558 551 542 537 535 526 511 503 500 496 495 492 464 457 445 435 419 411 407 405 403 401 376 367 358 353 352 343 331 326 323 318 312 304 298 278 271 261 260 257 255 238 238 234 228 223 221 212 210 208 205 205 199 194 189 178 178 178 177 174 171 171 169 167 162 156 155 149 149 147 137 134 129 114 107 103 103 89 84 81 76 73 62 54 54 53 52 47 45 19 17 12 10
990 989 957 953 952 945 945 945 915 884 871 857 850 846 836 829 818 815 785 774 773 760 759 750 746 735 726 722 705 700 681 674 668 654 652 651 649 646 644 632 623 616 612 602 599 597 594 593 592 591 590 586 554 546 546 528 525 512 503 502 496 491 482 482 476 461 458 437 427 421 420 419 399 387 371 370 369 361 350 350 343 336 335 319 306 293 282 265 263 260 254 246 233 228 224 223 214 204 201 195 189 184 183 179 177 161 132 113 105 102 81 80 74 37 35 32 27 18
991 984 970 966 951 944 937 910 907 906 896 888 888 875 872 851 848 826 821 818 814 792 777 769 762 762 741 728 722 718 714 702 695 692 670 662 655 650 640 638 618 608 599 598 576 574 557 556 554 551 547 540 538 537 523 522 519 516 505 502 499 499 481 463 454 445 429 425 403 399 398 386 374 370 369 365 361 348 343 340 338 331 285 282 278 277 272 268 267 243 237 235 200 193 192 185 175 152 149 148 145 139 135 132 125 124 121 119 110 94 85 81 81 79 77 77 66 53 31 23 9
994 991 987 987 983 975 969 964 954 954 943 943 940 935 930 924 923 912 891 890 885 884 883 882 870 867 851 842 832 829 828 827 816 795 792 791 788 783 782 776 769 768 759 757 755 743 736 729 720 718 715 709 705 702 699 693 689 686 684 683 676 673 662 658 657 652 642 639 623 620 620 606 606 604 604 604 601 590 589 579 573 568 565 549 547 538 531 520 517 504 494 486 486 479 477 477 474 472 466 445 440 439 435 422 412 409 377 373 369 367 364 350 349 342 316 312 301 285 285 282 281 276 272 271 265 258 257 248 246 245 239 237 232 230 221 212 209 207 197 197 196 180 174 162 161 154 146 141 128 114 100 89 73 72 51 48 43 37 35 31 23 23 10 9
996 991 989 964 960 948 941 923 919 888 877 873 866 862 853 849 845 843 841 825 815 791 784 773 740 739 732 718 709 692 684 682 662 616 611 606 604 604 603 598 594 589 589 585 581 576 574 568 567 560 560 556 539 536 533 532 520 510 490 486 485 475 472 468 462 454 448 446 443 430 429 417 403 396 392 382 361 355 343 309 286 271 270 266 251 238 233 229 228 224 197 184 173 167 151 148 112 89 81 79 76 73 66 63 62 56 54 47 20 14
943 878 848 828 801 770 740 730 723 722 671 659 633 577 555 544 540 514 508 507 458 437 434 433 416 411 401 368 366 339 338 305 299 290 290 282 274 263 236 227 227 193 183 135 134 117 106 75 71 12 5 1
978 973 955 950 937 936 925 914 903 874 869 863 846 837 806 791 766 764 761 759 749 714 713 713 711 704 696 684 673 667 666 664 649 647 635 606 599 597 592 583 563 557 546 537 526 516 515 497 488 487 481 471 459 456 452 446 435 432 426 416 403 391 388 377 366 358 344 334 324 290 290 280 276 269 268 244 243 238 196 194 182 175 170 165 155 149 139 118 109 105 103 93 93 91 74 59 48 43 41 30 13 12
997 997 988 985 940 936 931 928 919 893 889 885 868 865 860 858 858 830 799 798 794 783 760 756 750 748 730 728 727 726 714 712 705 703 700 679 678 670 658 652 649 640 635 629 627 611 610 587 580 576 572 572 562 554 553 552 551 537 534 528 523 514 494 485 473 463 455 444 442 429 422 393 391 391 388 370 354 351 339 336 336 333 327 322 320 302 290 284 280 275 274 269 263 262 241 221 209 202 201 199 176 175 154 129 124 121 99 98 88 79 65 55 55 51 46 44 42 32 26 16 3 2
964 901 901 854 850 821 818 763 754 754 749 737 722 710 682 659 602 586 574 566 552 531 524 521 516 500 489 488 488 486 440 425 389 341 320 316 302 264 226 222 188 165 127 120 113 3
996 987 972 972 923 921 912 901 881 876 858 850 849 843 837 834 833 817 814 804 785 784 763 736 731 710 693 664 662 648 613 606 599 593 586 569 564 562 559 544 535 518 508 504 502 500 490 489 453 451 451 450 444 443 442 371 370 365 353 345 343 340 333 333 332 321 311 297 281 265 257 253 252 216 213 212 209 184 180 141 129 121 115 111 106 88 73 25 11
999 994 987 944 943 930 880 873 846 835 831 825 815 782 761 752 751 746 738 737 737 715 713 705 658 655 638 635 629 621 615 597 589 570 560 549 543 541 532 529 521 511 446 444 439 429 425 412 395 384 383 383 351 334 316 315 283 251 244 228 220 204 189 178 164 163 137 133 132 129 80 70 59 58 45 30 21 9 6 4
983 978 970 952 933 919 885 879 864 849 847 845 845 838 823 821 815 811 804 791 768 768 767 733 724 718 716 709 709 703 699 695 685 665 646 633 625 624 615 610 606 584 573 541 537 535 502 500 487 468 459 452 444 443 420 387 378 367 364 360 352 351 346 345 344 321 309 301 301 298 295 273 229 224 221 217 200 191 187 183 174 162 161 159 155 142 140 133 115 72 72 70 64 61 61 50 50 44 34 31 30 19
991 991 986 980 965 959 956 953 929 918 907 906 897 876 867 842 833 828 827 821 819 800 776 753 719 700 695 692 682 666 662 660 638 624 622 620 612 597 591 584 566 561 545 534 523 523 508 498 465 461 431 430 418 393 371 348 345 300 292 289 287 279 251 244 235 235 218 213 199 192 190 168 157 141 131 121 103 103 86 80 71 61 52 25 22 20
984 984 973 969 947 911 898 896 859 849 847 841 837 833 832 827 815 803 799 787 781 778 764 729 719 701 690 670 665 653 650 648 643 638 633 629 620 599 587 565 560 558 555 547 537 532 524 464 463 439 427 417 414 410 406 404 397 384 364 344 336 324 319 296 293 270 254 241 238 234 215 206 205 168 155 141 139 129 125 118 110 99 85 83 82 80 78 76 48 41 29 28 15 6 2 0
984 982 970 930 923 907 905 883 847 839 831 827 812 802 786 583 565 560 537 513 500 497 483 448 437 424 418 409 349 345 338 328 313 293 290 256 235 234 221 215 211 183 126 82 70 66 64 59
990 981 981 946 939 917 910 906 903 885 875 875 857 856 843 836 827 824 800 798 770 765 754 735 733 720 719 709 703 699 699 696 688 683 640 635 630 618 609 603 592 573 570 569 560 557 544 541 535 517 510 509 499 485 479 479 467 461 452 445 432 427 427 425 414 413 407 398 383 355 355 346 344 319 318 304 301 264 245 237 232 219 209 207 195 190 149 141 138 135 133 132 131 101 100 98 90 90 84 80 61 50 32 22 14
979 977 970 968 941 932 930 914 882 874 872 844 835 818 805 788 782 754 728 727 724 724 721 697 688 675 655 642 634 617 603 592 577 552 549 534 520 509 410 394 390 370 365 341 333 321 318 283 267 267 254 246 233 227 205 171 162 137 135 125 122 65 50 35 22 8
993 974 973 957 947 937 930 923 920 908 900 888 881 851 843 830 823 814 809 805 800 790 781 770 767 745 742 741 730 727 708 700 684 680 676 672 671 653 638 634 631 622 606 597 587 586 580 578 565 563 556 552 545 544 540 531 528 521 518 491 488 486 485 474 471 455 448 444 441 433 433 426 423 422 419 399 396 378 370 366 362 349 340 339 331 327 323 322 315 310 304 299 298 297 286 266 264 261 250 247 247 239 234 234 219 168 168 143 140 139 132 119 118 116 113 99 99 98 90 82 82 76 53 51 50
992 981 974 969 968 966 966 959 951 948 944 941 927 923 912 898 893 849 849 845 830 825 808 806 805 797 796 794 794 781 767 759 729 729 726 723 714 701 695 677 675 670 659 651 646 639 620 613 605 598 584 581 576 573 569 567 561 561 549 542 539 531 519 518 502 497 494 472 466 465 460 455 450 448 443 441 438 433 417 411 410 399 396 396 392 391 387 371 369 368 324 324 323 303 300 298 297 294 262 262 245 231 224 222 218 206 204 196 195 161 156 149 149 145 145 124 100 99 98 94 89 83 66 48 37 23 15 15 9
989 987 984 974 964 960 960 951 951 951 938 935 930 922 921 920 915 911 895 886 885 884 883 873 866 859 853 844 837 818 815 807 805 803 802 796 778 748 746 741 733 731 730 727 724 720 719 711 710 700 688 688 670 670 668 666 635 632 630 621 614 612 610 596 596 583 541 527 527 525 509 505 483 480 468 451 448 434 430 425 425 425 416 408 408 405 401 398 382 373 352 342 341 292 287 278 277 257 251 229 204 204 198 197 192 184 172 171 171 159 141 137 127 125 109 101 85 80 80 76 68 63 27 26 18 9 5
999 988 956 938 914 907 901 898 882 876 868 847 825 799 799 797 785 780 762 760 757 745 738 738 737 735 725 716 693 691 688 673 671 670 666 664 656 647 643 622 608 606 605 603 599 593 583 569 568 557 554 552 549 546 532 530 525 524 521 518 518 507 492 490 476 431 421 419 414 413 407 386 362 358 348 346 345 327 320 296 287 271 268 258 253 252 239 237 226 221 219 217 216 212 208 193 192 189 178 167 166 159 125 98 89 78 61 61 39 20 14 12
999 981 980 967 966 962 941 930 927 905 901 896 894 883 876 874 872 868 852 845 840 825 824 818 812 797 796 788 782 781 780 777 774 774 773 773 758 744 736 731 728 727 718 716 713 713 706 696 677 677 674 662 661 650 649 644 638 632 624 620 617 612 601 601 600 592 591 586 582 582 570 561 547 536 533 526 525 519 512 509 468 458 457 449 444 436 419 416 414 382 381 371 362 361 359 358 358 350 327 316 313 309 305 296 294 289 281 275 270 268 257 255 253 250 248 242 242 241 231 230 229 223 217 215 211 202 185 176 174 167 163 152 148 135 132 118 111 100 97 86 80 65 58 56 52 45 39 39 37 33 28 24 8 4
999 989 987 951 940 922 921 912 905 904 887 863 860 852 851 848 846 839 838 837 834 831 831 808 787 782 758 752 742 738 737 730 728 728 720 718 714 698 695 694 653 647 643 642 637 625 623 620 619 611 606 606 589 566 561 560 550 550 547 538 534 525 514 503 493 488 487 482 477 477 475 473 454 441 438 432 430 430 411 406 404 380 380 362 339 337 327 327 317 297 295 277 269 262 248 232 230 221 213 211 191 174 169 168 151 145 124 122 119 117 104 102 102 91 91 84 82 63 58 51 41 32 29 15 15 12 11 5 1
988 980 979 975 971 966 963 958 958 949 946 935 929 928 924 922 913 909 905 900 898 838 831 827 816 813 810 808 807 792 791 790 785 757 756 750 746 730 726 714 708 707 703 697 693 684 683 679 675 668 657 654 637 637 632 627 627 609 607 597 594 592 588 576 547 540 535 530 529 515 505 476 466 452 441 425 422 421 413 413 407 406 395 359 351 334 332 299 296 293 281 278 266 263 255 251 248 238 221 206 205 194 184 177 146 139 100 99 96 94 92 81 52 47 46 41 36 23 16
997 983 979 978 976 975 969 966 966 948 946 944 938 935 935 934 927 921 918 913 912 906 890 886 884 883 863 857 856 855 855 850 828 826 820 817 815 809 803 799 795 795 791 789 787 786 784 781 777 767 762 760 755 750 750 749 742 740 728 720 709 708 706 706 705 703 694 691 682 675 670 665 650 647 643 639 619 619 606 586 583 581 571 559 548 535 533 526 523 511 508 507 503 497 496 495 495 478 476 474 467 466 465 463 460 449 447 445 444 444 442 441 431 427 418 414 406 402 393 382 378 374 373 367 361 360 359 346 345 341 320 316 305 305 304 287 286 276 268 266 266 265 263 262 262 260 252 246 225 222 216 212 209 206 191 173 166 150 140 138 133 127 127 122 122 119 114 108 103 98 93 93 75 69 65 65 60 52 42 40 38 30 24 1
980 978 966 953 933 932 929 910 896 892 891 857 856 843 839 827 827 825 809 807 786 783 780 778 763 760 756 736 727 724 723 698 693 692 689 678 666 662 661 650 626 616 606 598 598 576 559 545 544 544 491 486 465 460 448 440 437 431 426 423 412 405 402 396 380 347 347 344 335 330 291 290 288 288 280 269 264 250 250 249 241 226 223 217 216 205 196 187 183 180 173 166 165 165 163 159 158 153 148 127 111 108 91 88 85 82 81 75 74 67 63 57 55 48 48 42 29 25
993 990 975 971 948 942 929 917 910 906 900 889 886 881 865 857 845 842 835 834 831 827 827 826 814 792 790 775 772 764 732 718 709 696 653 643 636 630 610 605 605 593 588 581 573 569 561 542 540 527 511 502 477 471 470 467 467 456 444 443 440 439 420 408 400 395 394 391 383 351 336 332 316 306 252 242 225 210 205 204 201 195 190 173 157 153 139 124 102 101 94 86 69 69 54 47 47 41 39 38 23 22 8 8 7 1
995 993 982 982 962 955 933 916 906 895 874 873 856 849 800 788 766 760 756 750 747 747 738 719 717 709 693 677 660 636 634 633 620 588 566 565 546 508 501 499 490 486 470 469 465 463 461 444 439 421 397 378 375 366 364 343 340 337 334 332 321 319 290 290 287 249 244 232 219 199 199 168 163 145 136 133 123 115 113 102 92 78 72 57 56 53 48 32 25 22 0
984 981 978 958 957 946 943 931 911 876 864 838 820 807 782 766 757 756 753 719 712 706 704 694 686 682 678 677 671 662 643 640 624 617 616 608 604 602 597 595 578 566 473 458 411 407 402 389 387 365 336 322 321 312 306 268 265 237 231 227 223 221 204 197 188 186 184 170 160 136 116 115 115 112 106 65 65 58 42 35 0
998 977 959 948 934 926 920 913 890 883 869 868 848 845 830 811 808 801 790 787 759 739 725 723 708 692 660 633 611 598 598 597 576 567 546 505 503 471 463 458 448 440 435 415 407 403 402 401 383 380 377 374 355 316 314 311 290 278 277 273 235 223 205 203 200 189 184 178 177 168 164 137 117 107 106 103 99 94 90 66 42 41 32 30 17
994 976 976 968 965 965 960 953 953 946 935 925 894 887 883 876 875 863 856 855 847 840 826 815 813 805 804 792 784 778 771 763 760 750 747 734 727 725 719 709 707 696 690 668 666 653 652 649 646 643 640 637 633 627 619 614 613 611 610 600 568 565 555 541 529 526 525 509 497 490 485 473 466 461 452 445 437 435 433 429 428 418 391 390 389 386 385 378 373 372 367 360 358 343 339 323 313 304 295 284 275 275 260 256 229 226 220 219 201 197 190 189 188 162 125 124 119 112 110 90 88 86 77 57 48 48 26 10 3 2 1
985 975 972 959 930 927 925 924 887 867 860 835 833 831 813 812 802 773 728 728 720 708 688 684 676 658 656 652 652 649 646 638 630 628 612 601 599 595 583 580 559 559 552 530 501 495 474 471 469 467 460 438 437 396 395 391 391 386 385 380 375 368 333 328 304 293 276 273 265 236 207 196 183 171 171 163 148 140 140 139 137 127 127 94 88 77 60 53 45 34 0
999 995 994 992 991 990 975 969 967 923 919 913 908 890 888 883 881 875 872 864 855 854 850 847 827 814 813 812 810 793 789 772 771 770 764 739 727 716 705 696 693 682 677 677 670 665 658 643 642 638 617 610 605 602 594 578 577 575 572 567 564 548 512 500 498 497 484 478 467 460 456 454 444 434 428 398 374 373 370 366 359 340 318 300 300 300 298 297 289 268 260 244 226 138 117 98 67 61 51 47 45 23
999 971 955 954 953 939 932 925 912 876 873 868 866 862 849 848 839 822 802 802 795 788 778 771 763 752 741 740 729 712 711 707 707 706 702 698 685 682 667 653 648 633 631 631 615 594 594 589 585 585 584 571 563 559 555 541 529 528 522 514 508 506 505 501 494 490 482 464 454 447 444 415 400 397 396 396 394 388 388 387 387 380 375 372 371 320 312 303 284 277 270 266 266 258 258 242 227 224 213 209 168 159 147 146 144 143 141 139 137 123 117 106 105 101 101 96 86 75 73 44 32 31
991 985 984 984 979 965 964 961 944 937 922 919 905 888 885 869 868 862 827 822 815 812 807 804 800 799 795 786 784 781 779 761 755 755 751 741 731 727 717 671 658 656 655 647 638 634 627 623 611 609 608 600 593 585 584 555 546 541 539 538 535 503 502 501 498 469 451 449 435 431 426 425 423 415 413 411 411 409 405 401 399 396 380 374 373 371 366 362 355 355 347 343 341 330 323 306 303 301 289 286 281 277 264 258 253 252 251 248 238 207 192 164 160 148 142 138 113 100 100 96 95 91 90 89 56 53 49 40 36 31 19 12 2
998 991 986 986 955 940 933 925 916 915 903 879 869 869 868 868 843 838 829 826 813 809 807 805 796 790 749 741 733 726 724 722 720 719 716 704 686 672 661 646 629 628 625 616 614 612 604 546 545 538 499 489 482 468 447 424 413 403 397 396 390 388 382 372 365 347 345 344 341 326 317 278 270 256 255 242 222 218 217 210 202 188 182 181 180 168 167 163 156 143 136 105 95 89 85 81 65 65 57 28 27 17 15
993 967 966 961 958 945 943 942 924 924 921 916 914 899 866 842 835 828 828 817 813 807 802 776 772 766 725 724 723 715 714 714 712 711 703 700 693 693 685 685 683 672 667 643 630 623 622 621 621 592 584 560 536 534 500 500 496 496 493 475 469 469 465 460 444 427 415 403 398 381 379 372 358 354 340 285 275 274 254 253 249 249 248 246 218 218 217 209 203 200 187 182 158 150 148 146 117 116 111 104 103 94 89 87 86 85 84 70 66 65 43 43 27 21
995 971 957 947 946 940 917 890 790 754 665 639 625 578 562 546 531 523 501 498 497 491 491 460 413 413 390 388 340 338 273 260 253 243 237 235 223 221 201 184 184 125 106 99 98 94 71 27 6
985 984 979 978 948 942 933 918 915 913 906 901 896 892 881 881 838 831 826 781 766 764 756 755 738 730 714 702 699 685 684 673 668 659 635 629 629 619 613 609 602 596 587 562 550 544 524 508 497 482 469 458 455 424 421 410 410 409 401 393 384 372 356 354 348 324 322 321 302 301 293 288 263 249 239 234 225 213 212 199 189 188 187 154 135 127 118 117 115 111 107 102 92 74 68 66 50 42 40 29 24 20 19 14 7
991 986 983 974 972 956 955 954 942 934 934 920 908 901 891 891 887 882 869 864 863 859 847 824 820 819 818 817 809 807 803 757 753 752 728 727 727 726 725 721 711 707 705 680 678 672 670 667 666 665 663 663 650 644 644 626 621 605 599 596 594 573 569 535 524 498 496 492 491 491 483 480 479 472 464 463 455 454 446 444 425 408 375 375 331 326 324 297 292 269 259 252 251 249 224 222 221 215 183 177 162 158 153 134 130 129 106 93 92 89 70 61 50 49 49 37 33 30 28 27 22 17 11 10 8 8
978 972 967 961 953 952 942 888 881 880 840 838 823 809 808 807 804 796 786 782 771 770 750 743 731 729 707 704 693 686 681 678 673 640 636 635 632 626 614 605 590 577 575 569 557 556 556 546 543 537 537 536 533 532 531 531 519 516 513 484 465 461 434 426 407 397 396 387 386 379 363 361 354 353 331 330 306 306 306 296 296 285 279 232 203 194 179 173 162 146 145 140 140 126 121 106 94 59 47 45 42 35 35 17
996 988 965 956 932 918 914 906 901 891 889 862 860 836 836 834 833 833 818 810 804 797 787 786 765 718 716 712 711 707 705 703 701 690 673 646 646 646 618 611 609 590 579 569 568 535 530 528 521 515 502 494 479 460 460 445 443 441 439 433 420 406 388 370 365 363 356 344 316 309 300 254 232 230 219 210 204 197 191 148 145 140 138 135 131 131 130 126 120 113 110 102 90 68 57 49 44 38 38 37 30 13 5 1
994 989 968 946 941 935 925 924 920 914 879 879 879 860 858 855 842 837 833 832 828 803 793 787 770 767 764 748 739 721 721 706 692 672 672 662 658 656 651 643 621 612 587 586 585 583 580 569 550 544 521 521 508 506 503 502 500 475 466 456 453 448 446 438 420 419 415 407 407 395 390 389 388 383 377 366 354 320 309 309 302 296 293 289 288 288 276 271 224 218 203 202 187 177 165 157 156 156 144 127 109 91 87 72 48 33 25 12 2
997 989 981 981 979 964 961 955 947 942 941 941 938 933 925 917 905 900 900 892 889 889 884 878 867 864 860 838 835 834 828 827 815 814 809 809 807 794 792 789 788 786 784 783 780 774 774 771 770 769 753 749 740 739 737 731 729 728 726 720 713 710 709 703 699 696 695 680 650 647 639 629 624 617 605 603 596 591 588 585 555 552 544 540 540 539 523 516 491 489 485 479 464 463 461 456 443 442 431 431 420 418 413 411 403 403 397 393 392 388 383 373 361 359 321 316 298 297 296 291 265 261 257 252 250 245 245 245 237 229 228 223 222 220 210 202 198 172 166 156 128 125 101 95 92 91 85 76 73 64 56 48 42 34 24 23 19 13 13 12 8 7 7 0
992 977 973 971 968 932 930 925 915 912 909 883 881 880 863 861 858 852 851 849 847 847 843 840 827 826 816 807 806 802 797 788 772 771 765 757 745 745 743 740 716 696 691 690 677 675 670 667 664 662 656 654 649 644 632 628 619 619 616 613 610 604 600 598 587 587 584 582 582 580 571 543 538 535 530 513 509 505 500 498 494 493 479 474 468 463 463 458 457 456 452 446 443 436 432 423 415 413 407 406 398 394 393 385 377 377 374 358 341 339 337 332 331 318 317 313 311 306 300 300 298 293 292 291 288 281 272 270 257 257 255 252 251 246 237 227 219 217 205 199 183 177 166 162 154 152 145 141 114 108 107 107 102 94 91 88 84 82 81 79 79 73 72 67 64 58 58 55 42 41 20 11 9 0
